    unsorted:	 94.36003429 94.36239300 94.36904051 94.33038041 94.39479670 94.40606842 94.42607432 94.31636382 94.44675863 94.28476689 94.47977742 94.50477112 94.19052874 94.57590414 94.07605699 93.93322515 93.48882020 95.40672166 92.30640634 97.01360291 98.66613350 100.1500802 101.4711748 118.2108904 118.2301353 118.1432205 118.0988860 117.8818416 117.8725117 117.9631860 117.7150509 118.4345821 116.7344999 116.1194251 115.2981355 114.0825444 119.3990434 104.5741378 104.6885477 111.9133482 110.9311652 109.0590639 107.2435826 120.6768971 85.79112265 84.03289028 83.01080980 77.53975546 73.73757809 61.35445095 58.88714410 54.95435454 40.99207555 39.05110671 35.04486438 30.70622311 29.42185366 20.84121873 16.17070240 11.12106443 10.11452116 6.234361074 2.759668273 0.005281060443 230.2828016 290.5606481 328.1150264 387.0026112 467.3896495 605.2653198 648.3158812 876.3336331 937.6623891 988.8582121 1011.994871 1042.364216 1097.668537 1326.447239 2106.347101 14316.10821 2183004691.
      sorted:	 0.005281060443 2.759668273 6.234361074 10.11452116 11.12106443 16.17070240 20.84121873 29.42185366 30.70622311 35.04486438 39.05110671 40.99207555 54.95435454 58.88714410 61.35445095 73.73757809 77.53975546 83.01080980 84.03289028 85.79112265 92.30640634 93.48882020 93.93322515 94.07605699 94.19052874 94.28476689 94.31636382 94.33038041 94.36003429 94.36239300 94.36904051 94.39479670 94.40606842 94.42607432 94.44675863 94.47977742 94.50477112 94.57590414 95.40672166 97.01360291 98.66613350 100.1500802 101.4711748 104.5741378 104.6885477 107.2435826 109.0590639 110.9311652 111.9133482 114.0825444 115.2981355 116.1194251 116.7344999 117.7150509 117.8725117 117.8818416 117.9631860 118.0988860 118.1432205 118.2108904 118.2301353 118.4345821 119.3990434 120.6768971 230.2828016 290.5606481 328.1150264 387.0026112 467.3896495 605.2653198 648.3158812 876.3336331 937.6623891 988.8582121 1011.994871 1042.364216 1097.668537 1326.447239 2106.347101 14316.10821 2183004691.
